Gruppenanalyse: x_y_vx_vy_theta
Durchschnittlicher Reward: -557.06 ± 55.49
Einzelne Iterationen:

Iteration 1 (Reward: -508.53)
PC1: 0.5443*x + -0.1708*y + 0.4336*vx + 0.2099*vy + 0.6652*theta
PC2: 0.0932*x + 0.6886*y + 0.1101*vx + -0.6689*vy + 0.2398*theta
PC3: -0.6239*x + 0.0280*y + 0.7781*vx + 0.0662*vy + -0.0104*theta
PC4: -0.0502*x + 0.6887*y + -0.1243*vx + 0.7085*vy + 0.0753*theta
PC5: -0.5507*x + -0.1467*y + -0.4230*vx + -0.0454*vy + 0.7030*theta

Iteration 2 (Reward: -575.58)
PC1: 0.5443*x + -0.1708*y + 0.4336*vx + 0.2099*vy + 0.6652*theta
PC2: 0.0932*x + 0.6886*y + 0.1101*vx + -0.6689*vy + 0.2398*theta
PC3: -0.6239*x + 0.0280*y + 0.7781*vx + 0.0662*vy + -0.0104*theta
PC4: -0.0502*x + 0.6887*y + -0.1243*vx + 0.7085*vy + 0.0753*theta
PC5: -0.5507*x + -0.1467*y + -0.4230*vx + -0.0454*vy + 0.7030*theta

Iteration 3 (Reward: -649.39)
PC1: 0.5443*x + -0.1708*y + 0.4336*vx + 0.2099*vy + 0.6652*theta
PC2: 0.0932*x + 0.6886*y + 0.1101*vx + -0.6689*vy + 0.2398*theta
PC3: -0.6239*x + 0.0280*y + 0.7781*vx + 0.0662*vy + -0.0104*theta
PC4: -0.0502*x + 0.6887*y + -0.1243*vx + 0.7085*vy + 0.0753*theta
PC5: -0.5507*x + -0.1467*y + -0.4230*vx + -0.0454*vy + 0.7030*theta

Iteration 4 (Reward: -497.76)
PC1: 0.5443*x + -0.1708*y + 0.4336*vx + 0.2099*vy + 0.6652*theta
PC2: 0.0932*x + 0.6886*y + 0.1101*vx + -0.6689*vy + 0.2398*theta
PC3: -0.6239*x + 0.0280*y + 0.7781*vx + 0.0662*vy + -0.0104*theta
PC4: -0.0502*x + 0.6887*y + -0.1243*vx + 0.7085*vy + 0.0753*theta
PC5: -0.5507*x + -0.1467*y + -0.4230*vx + -0.0454*vy + 0.7030*theta

Iteration 5 (Reward: -518.33)
PC1: 0.5443*x + -0.1708*y + 0.4336*vx + 0.2099*vy + 0.6652*theta
PC2: 0.0932*x + 0.6886*y + 0.1101*vx + -0.6689*vy + 0.2398*theta
PC3: -0.6239*x + 0.0280*y + 0.7781*vx + 0.0662*vy + -0.0104*theta
PC4: -0.0502*x + 0.6887*y + -0.1243*vx + 0.7085*vy + 0.0753*theta
PC5: -0.5507*x + -0.1467*y + -0.4230*vx + -0.0454*vy + 0.7030*theta

Iteration 6 (Reward: -493.60)
PC1: 0.5443*x + -0.1708*y + 0.4336*vx + 0.2099*vy + 0.6652*theta
PC2: 0.0932*x + 0.6886*y + 0.1101*vx + -0.6689*vy + 0.2398*theta
PC3: -0.6239*x + 0.0280*y + 0.7781*vx + 0.0662*vy + -0.0104*theta
PC4: -0.0502*x + 0.6887*y + -0.1243*vx + 0.7085*vy + 0.0753*theta
PC5: -0.5507*x + -0.1467*y + -0.4230*vx + -0.0454*vy + 0.7030*theta

Iteration 7 (Reward: -547.66)
PC1: 0.5443*x + -0.1708*y + 0.4336*vx + 0.2099*vy + 0.6652*theta
PC2: 0.0932*x + 0.6886*y + 0.1101*vx + -0.6689*vy + 0.2398*theta
PC3: -0.6239*x + 0.0280*y + 0.7781*vx + 0.0662*vy + -0.0104*theta
PC4: -0.0502*x + 0.6887*y + -0.1243*vx + 0.7085*vy + 0.0753*theta
PC5: -0.5507*x + -0.1467*y + -0.4230*vx + -0.0454*vy + 0.7030*theta

Iteration 8 (Reward: -531.35)
PC1: 0.5443*x + -0.1708*y + 0.4336*vx + 0.2099*vy + 0.6652*theta
PC2: 0.0932*x + 0.6886*y + 0.1101*vx + -0.6689*vy + 0.2398*theta
PC3: -0.6239*x + 0.0280*y + 0.7781*vx + 0.0662*vy + -0.0104*theta
PC4: -0.0502*x + 0.6887*y + -0.1243*vx + 0.7085*vy + 0.0753*theta
PC5: -0.5507*x + -0.1467*y + -0.4230*vx + -0.0454*vy + 0.7030*theta

Iteration 9 (Reward: -604.71)
PC1: 0.5443*x + -0.1708*y + 0.4336*vx + 0.2099*vy + 0.6652*theta
PC2: 0.0932*x + 0.6886*y + 0.1101*vx + -0.6689*vy + 0.2398*theta
PC3: -0.6239*x + 0.0280*y + 0.7781*vx + 0.0662*vy + -0.0104*theta
PC4: -0.0502*x + 0.6887*y + -0.1243*vx + 0.7085*vy + 0.0753*theta
PC5: -0.5507*x + -0.1467*y + -0.4230*vx + -0.0454*vy + 0.7030*theta

Iteration 10 (Reward: -643.66)
PC1: 0.5443*x + -0.1708*y + 0.4336*vx + 0.2099*vy + 0.6652*theta
PC2: 0.0932*x + 0.6886*y + 0.1101*vx + -0.6689*vy + 0.2398*theta
PC3: -0.6239*x + 0.0280*y + 0.7781*vx + 0.0662*vy + -0.0104*theta
PC4: -0.0502*x + 0.6887*y + -0.1243*vx + 0.7085*vy + 0.0753*theta
PC5: -0.5507*x + -0.1467*y + -0.4230*vx + -0.0454*vy + 0.7030*theta