Gruppenanalyse: x_y_vy_theta_v_theta
Durchschnittlicher Reward: -276.34 ± 102.08
Einzelne Iterationen:

Iteration 1 (Reward: -174.34)
PC1: 0.6528*x + -0.3039*y + 0.3295*vy + 0.5972*theta + -0.1274*v_theta
PC2: 0.2725*x + 0.6404*y + -0.6196*vy + 0.3601*theta + -0.0461*v_theta
PC3: -0.0297*x + -0.0242*y + 0.0166*vy + 0.2189*theta + 0.9748*v_theta
PC4: -0.2575*x + 0.6437*y + 0.6841*vy + 0.2203*theta + -0.0530*v_theta
PC5: 0.6576*x + 0.2873*y + 0.1982*vy + -0.6459*theta + 0.1688*v_theta

Iteration 2 (Reward: -403.17)
PC1: 0.6528*x + -0.3039*y + 0.3295*vy + 0.5972*theta + -0.1274*v_theta
PC2: 0.2725*x + 0.6404*y + -0.6196*vy + 0.3601*theta + -0.0461*v_theta
PC3: -0.0297*x + -0.0242*y + 0.0166*vy + 0.2189*theta + 0.9748*v_theta
PC4: -0.2575*x + 0.6437*y + 0.6841*vy + 0.2203*theta + -0.0530*v_theta
PC5: 0.6576*x + 0.2873*y + 0.1982*vy + -0.6459*theta + 0.1688*v_theta

Iteration 3 (Reward: -279.38)
PC1: 0.6528*x + -0.3039*y + 0.3295*vy + 0.5972*theta + -0.1274*v_theta
PC2: 0.2725*x + 0.6404*y + -0.6196*vy + 0.3601*theta + -0.0461*v_theta
PC3: -0.0297*x + -0.0242*y + 0.0166*vy + 0.2189*theta + 0.9748*v_theta
PC4: -0.2575*x + 0.6437*y + 0.6841*vy + 0.2203*theta + -0.0530*v_theta
PC5: 0.6576*x + 0.2873*y + 0.1982*vy + -0.6459*theta + 0.1688*v_theta

Iteration 4 (Reward: -381.54)
PC1: 0.6528*x + -0.3039*y + 0.3295*vy + 0.5972*theta + -0.1274*v_theta
PC2: 0.2725*x + 0.6404*y + -0.6196*vy + 0.3601*theta + -0.0461*v_theta
PC3: -0.0297*x + -0.0242*y + 0.0166*vy + 0.2189*theta + 0.9748*v_theta
PC4: -0.2575*x + 0.6437*y + 0.6841*vy + 0.2203*theta + -0.0530*v_theta
PC5: 0.6576*x + 0.2873*y + 0.1982*vy + -0.6459*theta + 0.1688*v_theta

Iteration 5 (Reward: -327.60)
PC1: 0.6528*x + -0.3039*y + 0.3295*vy + 0.5972*theta + -0.1274*v_theta
PC2: 0.2725*x + 0.6404*y + -0.6196*vy + 0.3601*theta + -0.0461*v_theta
PC3: -0.0297*x + -0.0242*y + 0.0166*vy + 0.2189*theta + 0.9748*v_theta
PC4: -0.2575*x + 0.6437*y + 0.6841*vy + 0.2203*theta + -0.0530*v_theta
PC5: 0.6576*x + 0.2873*y + 0.1982*vy + -0.6459*theta + 0.1688*v_theta

Iteration 6 (Reward: -358.27)
PC1: 0.6528*x + -0.3039*y + 0.3295*vy + 0.5972*theta + -0.1274*v_theta
PC2: 0.2725*x + 0.6404*y + -0.6196*vy + 0.3601*theta + -0.0461*v_theta
PC3: -0.0297*x + -0.0242*y + 0.0166*vy + 0.2189*theta + 0.9748*v_theta
PC4: -0.2575*x + 0.6437*y + 0.6841*vy + 0.2203*theta + -0.0530*v_theta
PC5: 0.6576*x + 0.2873*y + 0.1982*vy + -0.6459*theta + 0.1688*v_theta

Iteration 7 (Reward: -303.47)
PC1: 0.6528*x + -0.3039*y + 0.3295*vy + 0.5972*theta + -0.1274*v_theta
PC2: 0.2725*x + 0.6404*y + -0.6196*vy + 0.3601*theta + -0.0461*v_theta
PC3: -0.0297*x + -0.0242*y + 0.0166*vy + 0.2189*theta + 0.9748*v_theta
PC4: -0.2575*x + 0.6437*y + 0.6841*vy + 0.2203*theta + -0.0530*v_theta
PC5: 0.6576*x + 0.2873*y + 0.1982*vy + -0.6459*theta + 0.1688*v_theta

Iteration 8 (Reward: -42.63)
PC1: 0.6528*x + -0.3039*y + 0.3295*vy + 0.5972*theta + -0.1274*v_theta
PC2: 0.2725*x + 0.6404*y + -0.6196*vy + 0.3601*theta + -0.0461*v_theta
PC3: -0.0297*x + -0.0242*y + 0.0166*vy + 0.2189*theta + 0.9748*v_theta
PC4: -0.2575*x + 0.6437*y + 0.6841*vy + 0.2203*theta + -0.0530*v_theta
PC5: 0.6576*x + 0.2873*y + 0.1982*vy + -0.6459*theta + 0.1688*v_theta

Iteration 9 (Reward: -255.35)
PC1: 0.6528*x + -0.3039*y + 0.3295*vy + 0.5972*theta + -0.1274*v_theta
PC2: 0.2725*x + 0.6404*y + -0.6196*vy + 0.3601*theta + -0.0461*v_theta
PC3: -0.0297*x + -0.0242*y + 0.0166*vy + 0.2189*theta + 0.9748*v_theta
PC4: -0.2575*x + 0.6437*y + 0.6841*vy + 0.2203*theta + -0.0530*v_theta
PC5: 0.6576*x + 0.2873*y + 0.1982*vy + -0.6459*theta + 0.1688*v_theta

Iteration 10 (Reward: -237.61)
PC1: 0.6528*x + -0.3039*y + 0.3295*vy + 0.5972*theta + -0.1274*v_theta
PC2: 0.2725*x + 0.6404*y + -0.6196*vy + 0.3601*theta + -0.0461*v_theta
PC3: -0.0297*x + -0.0242*y + 0.0166*vy + 0.2189*theta + 0.9748*v_theta
PC4: -0.2575*x + 0.6437*y + 0.6841*vy + 0.2203*theta + -0.0530*v_theta
PC5: 0.6576*x + 0.2873*y + 0.1982*vy + -0.6459*theta + 0.1688*v_theta